49081.68287679469  68.30 56.32
53601.372032137035  62.54 51.57
53303.101352503654  62.89 51.86
41071.740686478166  81.62 67.31
42478.63715790281  78.92 65.08
39226.00768240349  85.46 70.47
46817.709642461414  71.60 59.05
59104.2080377399  56.72 46.77
67746.88324749235  49.48 40.80
52221.44354018824  64.20 52.94
46675.29375145374  71.82 59.23
47802.79602415444  70.13 57.83
43118.757640972726  77.75 64.11
50803.41265690908  65.99 54.41
51081.45624417207  65.63 54.12
49275.09412590619  68.03 56.10
54035.74828258261  62.04 51.16
