41311.89554780249  81.15 66.91
45783.280880211016  73.22 60.38
44487.63589132158  75.36 62.14
41785.21640545132  80.23 66.16
47308.478065224015  70.86 58.43
41798.58200412155  80.20 66.14
51649.96462282952  64.91 53.52
45422.95713874392  73.80 60.86
47821.710372544214  70.10 57.81
45567.36240392929  73.57 60.67
46962.8703665141  71.38 58.86
45493.583337230266  73.69 60.76
45833.7643910694  73.14 60.31
50499.96515361375  66.38 54.74
48341.554969146266  69.35 57.18
47427.28908176523  70.68 58.29
46947.62965769461  71.41 58.88
48782.637427619615  68.72 56.67
