38235.98521757556  87.68 72.30
40132.407774985666  83.53 68.88
42167.21477538367  79.50 65.56
35884.94436438027  93.42 77.03
45183.43059633268  74.19 61.18
37133.04005873033  90.28 74.44
37253.38706785596  89.99 74.20
40933.04994630299  81.90 67.53
40395.9691588441  82.99 68.43
36773.44744694352  91.16 75.17
42413.682357074096  79.04 65.18
45302.830074445  74.00 61.02
39672.17563865609  84.50 69.68
41217.105124124464  81.33 67.07
36940.691336600124  90.75 74.83
41444.877886259026  80.89 66.70
42076.11652526046  79.67 65.70
40716.872532403846  82.33 67.89
