41865.56458728824  80.07 66.03
37112.23335901521  90.33 74.49
37935.993042999144  88.37 72.87
43310.94525477232  77.40 63.83
38326.904043076625  87.47 72.13
39628.299029588015  84.60 69.76
39318.721648282466  85.26 70.31
42438.71862773617  78.99 65.14
35508.16581297618  94.41 77.85
35592.5810288457  94.19 77.67
37387.22295002487  89.67 73.94
35808.46077315581  93.62 77.20
35157.135635866274  95.35 78.63
41056.112510258354  81.65 67.33
36556.81286323304  91.70 75.62
38141.39806598096  87.89 72.48
36135.57333544526  92.77 76.50
