41365.06792481791  81.04 66.83
41812.94843554307  80.18 66.11
40740.17100440715  82.29 67.85
35856.66994292389  93.49 77.09
38646.21954842623  86.75 71.53
46484.6205577223  72.12 59.47
41725.64117586985  80.34 66.25
42952.51142033398  78.05 64.36
43034.65218418313  77.90 64.24
39118.599595139654  85.70 70.67
45140.30555019531  74.27 61.24
37632.38525093298  89.08 73.46
44137.458741466566  75.95 62.63
41815.74252332807  80.17 66.11
44030.778231988115  76.14 62.78
44142.241990848706  75.94 62.62
40987.09517698923  81.79 67.44
