39743.02009305107  84.35 69.56
43618.57959540079  76.86 63.38
43311.88334112972  77.40 63.82
44334.0531914458  75.62 62.35
43044.40427431619  77.88 64.22
49964.11608760797  67.10 55.33
43805.58258859663  76.53 63.11
42549.812811867894  78.79 64.97
44070.546443995394  76.07 62.73
43407.12303840843  77.23 63.68
39411.35261812837  85.06 70.14
40302.417903741814  83.18 68.59
40714.85552115944  82.34 67.90
38769.606520348905  86.47 71.30
43121.02414744288  77.74 64.11
52320.41176913684  64.07 52.84
38920.880973338026  86.13 71.03
42443.55435793604  78.98 65.13
