44715.65801673599  74.97 61.82
39428.1250197267  85.02 70.11
52462.06079893953  63.90 52.69
51597.76901880365  64.97 53.58
44940.7100281526  74.60 61.51
60147.15619491366  55.74 45.96
54879.223520914034  61.09 50.37
58191.50591860998  57.61 47.50
47118.99740859819  71.15 58.67
43372.32828803745  77.29 63.74
48127.15686168601  69.66 57.44
54948.86284073553  61.01 50.31
44698.5698917102  75.00 61.84
45380.31767723936  73.87 60.92
56226.35537767749  59.62 49.16
43662.648782145225  76.78 63.31
45023.87825727104  74.46 61.40
41997.8918680666  79.82 65.82
