40435.32608927539  82.91 68.37
46477.803699003016  72.13 59.48
49672.91046387721  67.49 55.65
48027.73435387706  69.80 57.56
43077.615417146764  77.82 64.17
47351.61184391389  70.80 58.38
46504.61487225615  72.09 59.44
47292.6643930743  70.89 58.45
44809.35392717805  74.81 61.69
44848.73752952255  74.75 61.64
45710.81498121013  73.34 60.48
47550.08622178973  70.50 58.14
50239.77388769974  66.73 55.02
41708.57402525519  80.38 66.28
47384.49044663547  70.75 58.34
45726.472744363055  73.31 60.45
48372.53899913723  69.30 57.15
